6.75	155.17000000000002	4627.0	8.08320726172466	1520.6436135725091
6.2	170.51	21773.0	13.155881137188262	1224.961557892803
6.73	205.16	4267.0	13.979142254511366	592.9329739864073
6.13	185.65	10845.0	14.845919778699862	960.9599815583218
6.19	169.75	4270.0	15.955503512880561	1237.991569086651
6.98	209.9	5119.0	18.0166048056261	490.89294784137525
6.73	205.9	27515.0	19.838342722151555	580.088533527167
6.69	154.34	8666.0	23.438956842834063	1531.0143087929841
6.19	192.92	57423.0	25.56179579610957	834.0523657767793
6.69	153.81	2778.0	27.328653707703385	1540.4330453563714
6.02	184.94	47471.0	32.975016325756776	974.9652630026753
7.4	143.45	1959.0	33.45635528330781	1779.9361919346604
6.08	169.28	28229.0	36.10212901625987	1242.5662262212618
6.25	197.31	4198.0	36.932348737494046	757.0050023820867
6.57	205.17000000000002	9568.0	37.555497491638796	603.8939172240803
8.3	135.09	10983.0	38.1826459073113	2023.8453063825914
6.46	203.39	1737.0	40.98330454807139	641.5918249856073
6.59	153.89	3064.0	43.05972584856397	1530.963772845953
6.74	151.17000000000002	13813.0	42.996452617099834	1589.0258452182727
5.9	178.74	1969.0	49.4540375825292	1079.9568308786186
5.9	184.39	11716.0	51.9351314441789	985.8137589621031
7.68	139.22	7681.0	52.88517120166645	1881.0403593282124
5.87	176.16	2040.0	56.27058823529412	1122.714705882353
5.96	168.01	1738.0	59.57422324510932	1260.0494821634063
5.84	176.37	218434.0	60.51447119038245	1118.9990248770796
6.36	155.79	6302.0	62.09219295461758	1483.4817518248176
5.82	176.59	1991.0	64.66449020592667	1115.1009542943245
5.89	190.88	4714.0	66.9554518455664	878.491302503182
6.8	147.95	13762.0	66.85670687400088	1647.089158552536
7.1	144.01	19645.0	67.25156528378723	1740.7756681089336
6.25	157.22	24974.0	69.10655081284536	1452.5262673180107
6.8	147.72	7570.0	69.16578599735799	1650.79035667107
5.9	193.57	2984.0	75.93197050938338	834.5717158176943
5.78	186.83	5820.0	76.00773195876289	947.6850515463917
5.78	172.65	7366.0	76.46687483030138	1178.9249253326093
5.9	166.09	12178.0	76.85695516505173	1289.0380193792084
6.19	202.62	21927.0	77.80170565968896	672.2301272403886
6.58	149.57	48867.0	81.55620357296335	1602.11031984775
5.78	169.76	2974.0	83.9334229993275	1225.595830531271
6.37	152.96	2720.0	83.44816176470589	1529.8441176470587
5.65	177.68	3964.0	90.86881937436932	1096.0047931382442
6.42	150.91	33328.0	92.82840254440711	1567.0471075372059
6.14	155.97	81450.0	95.2290116635973	1465.05751995089
7.04	217.72	760.0	97.06052631578947	355.92763157894734
7.03	217.99	159343.0	100.86005033167444	352.1489365707938
6.42	149.86	79062.0	102.80551971870177	1583.4167235840227
5.65	189.78	3133.0	103.83913182253431	903.4586658155123
6.9	142.93	2789.0	107.95231265686625	1737.443528146289
6.21	207.3	1852.0	108.99784017278618	595.9983801295896
5.78	163.25	30906.0	108.5182165275351	1329.135669449298
5.9	158.99	28714.0	111.83736156578672	1402.417218081772
5.53	184.74	6384.0	113.89927944862156	984.9768170426065
5.53	174.99	8917.0	114.0570819782438	1137.135695861837
5.78	161.92000000000002	13457.0	114.81845879467934	1349.8534591662333
6.01	205.23	60063.0	123.81266337012804	643.360654645955
5.47	186.37	1464.0	126.75341530054645	960.8265027322404
7.35	136.98	4281.0	127.04555010511562	1879.0981079187106
6.13	208.03	5319.0	127.82534310960708	591.5645798082346
6.4	213.39	7392.0	136.57048160173161	485.89502164502164
5.53	165.48	1841.0	139.0380228136882	1283.6013036393265
5.89	205.05	1181.0	140.83319220999152	654.6198137171888
6.57	216.52	3623.0	146.99254761247585	422.8167264697764
5.53	163.53	1173.0	146.6837169650469	1312.9829497016199
6.47	144.64	2093.0	146.8967988533206	1668.537983755375
7.3	135.92000000000002	2718.0	147.93671817512876	1889.9514348785872
7.55	133.87	2235.0	149.09709172259508	1950.4362416107383
6.56	216.76	2380.0	150.0155462184874	419.4621848739496
5.89	206.32999999999998	2450.0	149.45061224489797	635.035918367347
7.63	133.1	1696.0	151.00943396226415	1972.5041273584907
6.14	148.86	9653.0	152.11157153216615	1574.9529679892262
6.48	144.18	7409.0	151.4485085706573	1675.8694830611419
5.29	171.1	598.0	160.27591973244148	1191.4247491638796
5.27	172.59	13715.0	161.32489974480495	1168.8562887349617
6.24	213.64	80906.0	162.1953501594443	497.5573999456159
5.27	171.35	145055.0	163.98195167350315	1187.154686153528
5.2	183.52	59071.0	167.18530243266576	1007.4504240659545
7.96	230.16	3142.0	167.89783577339276	54.5
5.2	176.24	1560.0	167.5871794871795	1114.051282051282
5.24	171.57	646.0	167.54643962848297	1183.267801857585
5.34	165.99	6104.0	168.1282765399738	1268.1253276539974
5.96	149.54	10655.0	172.02064758329422	1549.5323322383858
7.92	230.36	5632.0	175.88902698863637	57.14577414772727
6.34	217.18	10023.0	184.21480594632345	435.7675346702584
5.65	206.77	14249.0	189.02842304723137	646.8853954663485
6.08	145.64	3045.0	190.76584564860426	1616.3536945812807
7.56	229.15	5732.0	196.45586182833216	122.87892533147243
6.06	214.82	7579.0	198.03324976909883	497.0420899854862
4.99	185.2	6624.0	204.01660628019323	985.9512379227053
4.99	184.72	11466.0	203.49712192569336	992.7980115122972
5.13	164.21	961.0	208.1290322580645	1284.5806451612902
4.99	171.19	36745.0	209.19466594094433	1182.4590828684175
5.13	162.3	17853.0	215.67338822606845	1311.177393155212
7.2	132.0	14024.0	218.12963491158015	1933.969266970907
4.99	192.71	16913.0	220.2599775320759	881.7925264589369
5.4	153.88	19497.0	221.06124019079857	1443.9593270759603
4.92	170.22	9932.0	222.99375755134918	1193.925996778091
4.92	168.29	10310.0	228.4635305528613	1220.162851600388
4.84	187.17	4274.0	230.01871782873187	961.4450163781001
4.92	167.8	23572.0	229.6828440522654	1226.9102324792127
5.2	157.12	4302.0	230.8977219897722	1386.0976290097628
5.64	212.21	78241.0	232.79127311767488	571.9796398307792
6.9	133.36	2840.0	232.96478873239437	1877.4848591549296
6.56	224.37	22485.0	242.7972426061819	312.5264398487881
4.91	195.75	25156.0	242.8904038797901	843.844132612498
4.98	198.65	1385.0	243.78628158844765	801.7169675090253
4.69	182.34	7312.0	249.4543216630197	1028.0515590809628
4.7	175.76	4467.0	250.09402283411686	1115.0349227669576
5.12	204.19	109995.0	251.11301422791945	719.9431519614528
6.06	220.32999999999998	5820.0	256.2300687285223	422.53505154639174
4.98	201.54	1762.0	257.06980703745745	763.4131668558456
4.92	159.99	3859.0	259.1077999481731	1331.050790360197
5.64	215.68	42404.0	263.5490048108669	525.9726440901802
4.92	159.07	2507.0	263.5492620662146	1342.890307140008
5.06	155.13	12402.0	263.90961135300756	1402.96750524109
6.25	136.68	27934.0	266.849037015823	1756.0570272785853
7.0	130.27	22121.0	267.1886442746711	1930.985082048732
5.76	217.97	5934.0	269.91776204920797	484.44641051567237
4.91	202.44	4590.0	272.8575163398693	756.2084967320261
4.54	178.28	3905.0	273.96645326504483	1080.9948783610755
6.23	223.94	2595.0	277.51830443159923	357.0393063583815
5.83	220.07	2188.0	282.9099634369287	450.7870201096892
5.26	211.98	6357.0	284.95862828378165	608.8727387132295
5.82	220.41	356482.0	287.12211275744636	446.9267143923115
4.92	154.67000000000002	26149.0	288.0540747256109	1398.7965505373054
4.47	174.13	20860.0	290.05186960690315	1132.5959252157238
7.2	127.46000000000001	1342.0	290.548435171386	1992.8509687034277
5.79	220.4	1485.0	291.43838383838386	450.8855218855219
7.37	233.91	1854.0	295.98435814455235	85.00755124056094
5.13	148.48	2247.0	298.9781931464174	1492.562082777036
4.46	168.17	15773.0	301.7770874278831	1206.5677423445127
5.91	137.28	111697.0	302.2175707494382	1708.8872574912486
4.38	185.64	4116.0	303.04567541302237	989.607628765792
4.84	206.39	2294.0	306.5819529206626	711.9542284219704
5.78	138.25	1834.0	306.5959651035987	1683.1941112322793
5.51	218.52	3480.0	308.2669540229885	503.58505747126435
4.39	170.46	157231.0	309.1427517474289	1176.103262079361
4.3	183.61	25536.0	314.77474937343356	1015.421052631579
7.26	234.64	1486.0	318.99596231493945	91.00672947510094
4.26	181.82	1422.0	320.96976090014067	1037.2524613220817
4.85	151.12	1345.0	320.6171003717472	1437.1048327137546
4.25	179.21	1559.0	322.2892880051315	1068.4579858883899
4.99	147.72	4112.0	324.1135700389105	1489.7242217898834
6.26	132.12	10304.0	324.1259704968944	1813.1745923913043
4.98	212.19	2326.0	325.24935511607913	630.5073086844368
4.22	178.87	263881.0	326.77502359017893	1072.4540910486166
5.66	137.8	22695.0	326.5197620621282	1675.1435117867372
4.3	191.7	93027.0	328.20283358594816	918.6626570780526
5.14	144.68	55972.0	328.73699349674837	1538.9244800971915
4.19	179.2	1801.0	330.7590227651305	1068.423653525819
4.2	178.53	1545.0	330.72686084142396	1076.3734627831716
4.28	192.08	842.0	332.1852731591449	914.8147268408551
4.45	200.45	15919.0	333.311891450468	808.110748162573
5.64	222.81	3393.0	335.53168287651044	437.9767167698202
4.97	213.6	35445.0	337.09194526731557	614.5613485682043
5.9	134.24	7122.0	337.9001684919966	1745.035944959281
4.3	195.77	2182.0	339.8281393217232	870.8538038496791
6.11	228.02	72001.0	341.95251454840906	320.936792544548
5.11	216.49	6015.0	341.75694098088115	567.6059850374065
4.28	164.27	1245.0	342.02650602409636	1246.0152610441767
4.7	150.93	39434.0	342.57219658163007	1427.8285743267231
5.11	216.86	8098.0	345.00284020745863	563.3424302296863
4.67	151.07	527.0	345.9753320683112	1423.776091081594
5.11	217.12	18916.0	347.1685345739057	560.3738633960668
5.99	227.69	11697.0	351.06018637257415	339.49337436949645
5.11	217.57	999.0	351.83983983983984	555.7307307307308
6.0	228.15	8491.0	356.559533623837	333.9905782593334
4.04	185.6	22051.0	358.1320121536438	995.4778468096684
4.04	184.85	2989.0	357.51321512211445	1003.9826028772164
6.19	130.05	6021.0	358.6495598737751	1829.1581132702208
4.05	187.09	1496.0	358.84558823529414	978.4572192513369
6.23	129.71	2200.0	358.9590909090909	1838.0213636363637
4.21	197.79	8166.0	360.0269409747734	851.7690423708058
6.2	129.69	560104.0	363.08791760101695	1833.5680427206375
4.45	206.69	79620.0	364.87844762622456	736.7295654358202
4.7	147.44	4345.0	366.8296892980437	1467.1249712313004
5.76	226.86	183909.0	367.68832411681865	377.88977157180994
6.16	129.66	1699.0	367.6003531489111	1828.9340788699235
6.2	129.32999999999998	4199.0	367.795427482734	1837.946415813289
4.92	143.26	17250.0	368.83785507246375	1534.5771014492755
4.37	205.31	1680.0	369.66309523809525	758.0755952380953
5.78	132.65	2161.0	370.898195279963	1748.5205923183712
5.76	227.17000000000002	1296.0	371.36574074074076	374.32484567901236
5.53	134.72	126161.0	375.9190478832603	1695.2222319100197
5.13	138.79	1901.0	381.973698053656	1605.5307732772226
4.91	218.5	7110.0	386.0236286919831	565.9216596343178
4.39	151.07999999999998	16470.0	386.962598664238	1401.024833029751
4.92	141.01	8438.0	388.5439677648732	1558.8221142450818
5.75	228.64	48118.0	389.5794505174779	358.80121783947794
5.11	222.05	1136.0	392.32482394366195	505.55017605633805
5.11	222.39	143756.0	395.8849161078494	502.0766924510977
4.22	153.84	7819.0	395.4602890395191	1358.893080956644
5.76	230.32999999999998	15607.0	410.07144230153136	340.53386301018776
4.23	150.81	3586.0	411.9743446737312	1390.9021193530396
3.88	198.02	1548.0	412.9102067183463	866.0833333333334
5.27	134.18	30973.0	412.450844283731	1669.8180673489815
4.68	218.44	22172.0	414.04108785856033	589.1984935955259
5.56	228.97	4212.0	414.4389838556505	379.1296296296296
3.68	178.11	140837.0	414.7429013682484	1078.5309897257114
3.86	198.49	274077.0	416.9022829350876	862.0537330750118
6.47	123.94	16918.0	418.01158529376994	1932.7435867123772
4.68	219.07999999999998	2084.0	419.31238003838774	582.6252399232245
3.83	198.23	1183.0	421.1132713440406	866.374471682164
5.12	225.04	1620.0	421.5993827160494	473.820987654321
3.58	177.24	31005.0	430.6000645057249	1086.6897919690373
3.58	174.31	4362.0	433.00183402109127	1116.0465382851903
5.27	131.85	7335.0	437.09147920927063	1694.1547375596456
3.58	189.15	4154.0	438.11795859412615	967.5452575830525
3.78	159.3	67986.0	437.5100756038008	1273.8302738799164
3.67	196.55	27239.0	440.1601013253056	890.811079701898
4.39	143.2	171219.0	439.5293805009958	1482.7854560533585
6.92	240.03	6131.0	441.9031153156092	80.91094438101452
4.36	143.26	719.0	443.346314325452	1478.9457579972184
3.59	166.24	9512.0	446.08410428931876	1196.1039739276703
5.34	130.29	1411.0	447.45357902197026	1717.9376328844792
5.88	234.32999999999998	1801.0	450.0133259300389	284.3914491948917
6.05	235.61	19585.0	451.4929793209089	248.81092672964004
4.45	219.76	133611.0	454.8933994955505	600.4815022715196
4.05	147.65	4855.0	455.0113285272914	1408.0189495365603
3.86	207.56	8946.0	456.03521126760563	771.9723898949251
6.05	236.07	8614.0	457.7730438820525	243.99965172974228
3.88	151.46	6235.0	458.1687249398557	1356.9488372093024
5.6	127.0	3498.0	460.5002858776444	1782.8647798742138
4.68	223.85	7133.0	462.10570587410626	536.4602551521099
3.79	152.25	1223.0	466.88389206868356	1342.6623058053965
3.88	149.43	60909.0	469.2092958347699	1376.0489418640923
3.78	151.74	211917.0	470.8594072207515	1346.6642647829103
4.21	218.11	15946.0	473.107801329487	640.9853881851247
3.77	151.24	1148.0	474.5740418118467	1350.7229965156794
4.31	139.69	2890.0	476.9384083044983	1507.8875432525952
3.27	180.46	155950.0	480.88859249759537	1054.804751522924
3.27	179.73	3422.0	480.91642314436	1061.4871420222091
3.67	209.99	7338.0	495.15235759062415	764.141864268193
6.42	118.99000000000001	1569.0	499.92734225621416	1972.523263224984
5.27	126.21000000000001	14843.0	502.96678569022436	1746.1812975813514
3.69	147.93	20563.0	503.9714535816758	1373.5266254923893
4.0	140.93	1809.0	506.55887230514094	1464.4754007739082
6.69	117.31	2643.0	505.9644343548997	2027.5849413545213
6.08	120.41	9555.0	506.51459968602825	1910.10989010989
5.27	125.7	17643.0	508.8722439494417	1750.8931020801451
3.96	141.1	252950.0	509.60661000197666	1459.5274718323778
5.27	125.33	1316.0	513.3411854103343	1753.9407294832827
4.89	231.44	2079.0	513.7734487734488	441.47907647907647
3.93	141.07999999999998	1292.0	514.0325077399381	1456.2979876160991
3.47	208.38	160250.0	514.9999251170046	793.764287051482
3.96	140.34	74708.0	514.9905900305188	1466.0727365208545
3.85	218.02	49335.0	518.0568561872909	677.5436910915172
7.02	244.82	3076.0	518.4424577373212	21.87256176853056
5.19	125.46000000000001	1658.0	519.0946924004825	1742.5512665862484
5.23	125.14	1234.0	519.0299837925446	1750.9019448946515
4.92	127.74000000000001	17361.0	519.8446518057716	1687.0173377109613
3.05	171.71	29843.0	521.7686224575277	1129.5479006802266
5.2	125.07	385773.0	523.1898136987296	1746.819098278003
3.28	155.97	1676.0	524.8120525059666	1273.5560859188545
3.05	168.84	36143.0	525.9692609910633	1153.6887087402818
4.03	222.5	8491.0	527.9665528206336	621.0346248969497
5.16	125.00999999999999	1295.0	527.4571428571429	1742.096525096525
5.2	124.67	1588.0	527.4527707808564	1750.816120906801
3.26	204.73	74256.0	530.4443142641672	839.940812863607
3.26	205.24	34324.0	532.1777182146603	835.6814473837549
2.93	183.15	4406.0	536.297321833863	1033.14616432138
3.7	217.88	807.0	536.7249070631971	693.9491945477075
3.98	223.1	1701.0	538.305114638448	621.2986478542034
3.94	222.52	2269.0	538.8880564125166	630.7104451300132
2.93	186.7	75686.0	539.5769627143725	1004.1698200459795
2.93	186.13	13257.0	539.3918684468582	1008.8850418646753
2.94	171.58	1131.0	539.9867374005305	1127.9646330680814
3.66	217.79	224031.0	540.4835670063518	698.0460338078212
3.94	223.07999999999998	559124.0	543.0239714267318	626.1268663123028
3.63	217.6	1257.0	543.4622116149562	702.8568019093078
5.78	119.53999999999999	18191.0	544.3125171788247	1873.8587213457204
3.66	218.32	2628.0	544.3215372907154	694.1849315068494
3.94	223.63	2072.0	547.2992277992278	621.7572393822394
3.9	223.04	1971.0	547.4479959411466	630.8406900050736
2.93	166.66	90186.0	548.2544297341051	1167.5129177477656
4.67	232.6	24339.0	548.5671555939028	460.79210320884175
4.96	235.3	21742.0	550.0860086468587	400.5672891178364
5.63	240.18	11914.0	552.765737787477	268.2570085613564
2.81	179.89	29289.0	556.1723855372325	1059.886510293967
5.63	240.47	50558.0	556.922386170339	266.08590134103406
3.47	216.35	2049.0	556.4177647632991	728.2030258662762
5.21	122.14	4666.0	558.1583797685383	1771.9134162023147
4.51	232.13	3752.0	559.5399786780383	484.9160447761194
4.37	231.07999999999998	96322.0	564.0073814912481	511.55323809721557
4.31	129.37	66067.0	565.7558084974344	1595.5372122239544
2.81	165.88	4308.0	569.1819870009285	1168.8456360259981
2.7	176.01	829.0	574.0820265379975	1089.1314837153197
2.7	174.92	1105.0	574.0986425339366	1097.4162895927602
4.92	122.85	26088.0	575.1942272309108	1726.2117065317386
5.84	243.04	1900.0	576.2115789473684	214.2121052631579
5.8	242.77	2069.0	576.0942484291928	223.4369260512325
5.5	241.07999999999998	2045.0	575.5354523227384	279.9276283618582
2.68	175.43	345228.0	578.1294680616868	1093.200099644293
3.09	149.82	844.0	577.9537914691944	1307.9300947867298
5.81	243.13	370638.0	580.3531586075901	219.00037502900403
3.05	150.44	99500.0	580.2203216080402	1300.528432160804
2.65	175.91	942.0	582.0934182590233	1089.3004246284502
3.05	149.93	169893.0	582.0831641091746	1304.3995867987499
5.82	243.48	1836.0	584.4673202614379	214.1486928104575
5.77	243.25	1422.0	584.6033755274261	223.09212376933897
3.02	150.17000000000002	1345.0	585.439405204461	1300.1159851301115
2.94	149.69	1864.0	598.5482832618026	1297.163626609442
4.23	233.42000000000002	990.0	600.0828282828282	512.079797979798
4.19	233.02	1806.0	600.047065337763	519.8931339977852
2.54	171.5	3685.0	603.3451831750339	1119.1785617367707
2.71	158.11	536.0	603.098880597015	1220.8638059701493
2.93	149.01	382253.0	602.8313551495999	1301.1381990461814
4.19	233.49	319189.0	604.2583579008049	516.2106808192011
2.68	159.53	4287.0	603.6370422206671	1209.1793795194774
4.23	233.9	856.0	604.4217289719626	508.29556074766356
2.68	158.43	176055.0	606.5141007071654	1216.9393996194372
2.9	149.18	1013.0	606.9249753208293	1297.09081934847
4.85	120.59	63516.0	607.8085521758297	1732.5446029346936
4.2	233.96	170726.0	608.5550238393683	512.72290688003
6.25	113.01	2302.0	609.0395308427454	1993.5308427454388
4.69	121.32	9690.0	612.2425180598556	1706.0092879256965
4.69	120.97	48579.0	616.435702669878	1708.1283682249532
4.44	237.25	31220.0	618.6976297245355	456.9366431774504
5.49	244.53	2056.0	624.1152723735408	257.11770428015564
5.6	114.93	26616.0	624.0586489329727	1880.8402464682897
6.36	111.66	19891.0	623.9249912020512	2020.8381177416923
2.79	211.62	161228.0	625.0588297318084	824.459963529908
4.85	119.12	18976.0	625.0027403035413	1742.8237774030354
2.53	200.51	73672.0	626.0294820284504	916.822469866435
4.14	124.78999999999999	23801.0	625.935590941557	1606.143481366329
2.53	201.69	9564.0	629.1661438728565	909.1241112505228
5.65	114.31	22761.0	628.9666095514257	1893.743772241993
5.62	245.79000000000002	2058.0	632.4091350826045	228.0374149659864
3.69	129.01	10534.0	633.1110689196886	1519.3171634706664
5.66	113.89	54065.0	634.9840007398502	1896.8157403125867
6.1	248.09	1911.0	636.4317111459968	140.01412872841445
3.36	227.82999999999998	169736.0	643.2467655653486	658.5232125182637
3.37	228.38	850.0	646.7294117647059	654.6188235294118
2.25	173.63	2802.0	648.5649536045681	1098.8968593861528
3.46	230.16	148639.0	649.9128223413775	632.2242278271517
4.22	121.47	4285.0	651.0707117852976	1638.9850641773628
6.54	251.01999999999998	10780.0	659.5243970315399	51.78756957328386
4.36	240.52	1642.0	660.6492082825822	448.06333739342267
2.25	163.21	1201.0	661.3538717735221	1162.963363863447
4.22	120.06	58713.0	665.6715207875599	1646.9521060071875
3.08	132.95	986.0	669.23630831643	1420.7464503042597
3.05	132.93	154587.0	672.9000562789886	1417.0678258844534
3.49	126.44	209219.0	673.2010859434373	1509.7310091339696
3.66	235.62	5779.0	674.0228413220281	573.7689911749437
6.55	252.12	108718.0	678.8474677606284	44.980132084843355
3.06	131.81	56872.0	679.0952489801659	1424.4769658179773
2.91	225.77	1322.0	680.3842662632375	724.4977307110439
6.1	250.82999999999998	28210.0	680.5528535980148	123.08500531726338
6.56	252.37	808.0	682.6893564356436	41.44678217821782
6.52	252.24	789.0	682.4803548795944	49.01267427122941
4.05	119.71000000000001	2507.0	682.9708815317113	1625.1316314319904
2.91	226.45	302677.0	684.1873251023368	720.5010027190701
2.91	227.15	1167.0	688.17823479006	716.4387317909169
2.88	226.47	1010.0	688.3742574257426	724.6841584158416
4.2	242.1	68690.0	689.8762993157665	461.8900567768234
2.55	139.21	6262.0	697.1426061961034	1325.4878633024593
3.69	121.18	44218.0	699.2284816138224	1565.9489574381473
4.38	244.35	1101.0	700.2815622161671	422.36148955495
2.23	210.85	16031.0	699.4409581435967	875.895203044102
4.35	244.5	226919.0	704.1002692590748	426.06308418422435
4.32	244.65	757.0	707.9696169088508	429.9233817701453
5.2	249.29000000000002	2040.0	708.6397058823529	272.35049019607845
5.15	249.07999999999998	5202.0	708.9857747020377	281.8683198769704
4.36	244.95999999999998	83834.0	708.928167569244	423.158229358017
3.68	119.95	11801.0	710.5447843403101	1571.8120498262858
5.16	249.45	651885.0	713.0122675011697	277.4487371238792
6.19	106.82	9450.0	715.0049735449735	2021.5691005291005
5.18	249.84	4705.0	717.362592986185	272.7700318809777
5.13	249.63	2285.0	717.6021881838075	282.0958424507659
6.33	253.82	6601.0	719.095743069232	70.15497651870929
1.9	157.91	2254.0	724.0399290150843	1173.4205856255546
6.21	253.92000000000002	4069.0	726.5999016957484	89.82231506512656
2.93	125.09	1121.0	735.5566458519179	1443.878679750223
5.52	107.55	25848.0	736.5455741256577	1911.23734911792
2.25	137.86	2315.0	739.0647948164146	1300.4924406047517
3.86	115.12	1065.0	742.2544600938967	1621.6215962441315
5.37	252.37	68464.0	742.9162771675625	230.9351483991587
3.91	114.77	1121.0	742.5548617305977	1629.8376449598572
5.4	107.47	115710.0	743.9004061878835	1891.7879439979258
5.38	252.66	564.0	746.3652482269504	227.26418439716312
4.35	248.36	40227.0	747.3959032490616	407.1815695925622
2.81	125.13	1810.0	746.3624309392266	1427.9922651933703
4.35	249.07	2079.0	755.4506974506975	403.8965848965849
4.81	252.32	4207.0	770.4095555027335	320.1088661754219
1.48	188.61	3308.0	772.1230350665054	1023.5761789600967
2.23	231.48	38540.0	783.961001556824	780.0384016606123
4.77	106.0	141259.0	793.7665493880036	1799.0939833922087
1.88	227.6	8678.0	803.3897211339018	837.087808250749
5.4	102.96	13518.0	810.2017310252996	1910.0058440597722
3.05	113.17	3155.0	813.4957210776545	1508.8389857369255
4.19	253.6	90986.0	815.5207504451234	411.75103862132636
4.21	253.98000000000002	703.0	819.0398293029872	407.9317211948791
3.44	251.16	2347.0	827.3152961227098	535.3510864933958
4.85	102.55	3220.0	836.023602484472	1822.5739130434783
2.08	119.68	2696.0	841.0385756676558	1348.4821958456973
4.98	101.83	4723.0	840.9280118568706	1846.9176370950668
3.45	252.94	29636.0	843.5788567957889	529.8014914293427
5.42	259.93	23874.0	852.546871073134	194.77825249225097
2.04	243.62	3459.0	861.2188493784331	767.0505926568372
2.09	244.35	2238.0	861.408400357462	757.8967828418231
2.05	244.65	828087.0	865.6077187541889	762.6159111301107
3.48	104.43	2085.0	866.5242206235012	1600.988009592326
2.06	245.82	9652.0	870.9212598425197	758.2096974720265
2.01	244.98000000000002	2785.0	870.0962298025134	767.7594254937163
5.49	261.24	32806.0	870.563189660428	179.89806742669023
6.02	97.9	8735.0	871.8443045220378	2026.1231825987406
3.94	101.84	1831.0	875.9858001092299	1679.0660841070453
3.99	101.69	1007.0	875.9165839126117	1687.5928500496525
3.96	101.4	410983.0	880.0932885301825	1683.1902755101792
1.87	245.76999999999998	9735.0	883.2351309707242	786.1608628659476
3.74	258.29	48892.0	883.9129919005154	470.1887220813221
3.38	102.99	2588.0	883.9876352395672	1587.8995363214838
3.93	101.1	1154.0	884.3362218370884	1679.2989601386482
3.98	100.93	1335.0	884.6584269662922	1687.531086142322
2.51	252.56	2507.0	885.4184284004787	675.2169924212205
2.05	248.59	31095.0	886.0973146808169	753.1624055314359
3.58	258.49	1254.0	891.0781499202552	494.57814992025516
3.55	258.8	324390.0	895.1232405437898	498.883267055088
2.07	109.1	52815.0	897.3333712013632	1372.853431790211
3.57	259.24	1313.0	898.8476770753998	494.948971820259
4.84	97.5	50145.0	904.1424668461461	1832.9077475321567
1.18	237.63	6341.0	904.5942280397413	898.996057404195
3.68	98.66	4799.0	917.0062513023547	1642.9766618045426
1.48	111.12	5607.0	920.8610665239879	1279.4487248082753
2.25	257.13	3340.0	925.8889221556886	708.281137724551
2.21	257.69	1087384.0	930.4928038301097	713.0404916754339
5.9	94.59	156323.0	929.5221432546714	2012.2191168286176
2.24	258.57	4168.0	935.061660268714	708.0263915547025
2.17	258.27	2449.0	935.2102899142507	718.1347488770926
3.23	264.13	78584.0	952.931665478978	542.8801791713325
3.25	264.55	946.0	956.4006342494714	538.8139534883721
4.46	266.57	2039.0	963.0407062285434	342.13683178028447
4.4	266.51	1428.0	962.8774509803922	351.54761904761904
4.43	266.87	659141.0	967.0816031774689	346.5642965617372
1.66	261.79	2185.0	967.9743707093821	795.5089244851258
4.45	267.25	1466.0	971.575034106412	341.9427012278308
4.4	267.22	1721.0	971.5647879140034	351.0732132481116
0.82	260.85	5858.0	985.0397746671218	928.9259132809833
1.21	94.91	5027.0	989.5126317883429	1251.0071613288244
5.61	269.65	4490.0	1000.493986636971	150.0129175946548
5.58	269.82	1100.0	1003.1663636363636	154.41636363636363
3.86	90.27	4342.0	1003.0253339474897	1680.2139567019806
5.64	269.84000000000003	992.0	1003.3820564516129	145.95564516129033
5.61	270.12	349671.0	1007.9558556471654	150.5161022789994
5.64	270.35	1053.0	1011.5660018993352	145.98195631528964
5.58	270.4	909.0	1012.3828382838284	154.71727172717272
5.61	270.58	20800.0	1015.2013461538462	150.14975961538462
2.21	273.32	87305.0	1026.4532386461256	705.922478666743
4.37	87.44	4207.0	1037.530544330877	1762.9415260280484
4.04	87.1	4724.0	1038.8823031329382	1708.900084674005
0.81	285.18	2019.0	1040.0366518078256	933.5096582466567
4.35	86.61	1553.0	1047.43399871217	1758.8164842240824
4.37	86.18	263669.0	1052.9625856661194	1761.9709484239709
5.55	274.11	15936.0	1070.5166917670683	161.93724899598394
2.0	282.1	5557.0	1073.1552996220983	745.8297642612921
2.03	283.0	1299545.0	1079.2749416141803	741.5681480825981
2.89	279.12	3689.0	1079.4909189482244	600.994578476552
2.07	283.64	6925.0	1084.065703971119	737.2174729241877
2.02	284.1	4170.0	1084.5976019184652	746.0647482014389
4.64	276.63	13991.0	1092.4150525337718	315.21149310270886
4.8	277.12	68630.0	1102.0240419641557	290.1942882121521
3.67	80.64	2599.0	1102.0038476337052	1641.4163139669104
4.37	82.02	30069.0	1103.7833649273339	1756.4660613921315
3.83	80.78	1179.0	1104.6692111959287	1666.9253604749788
3.88	80.93	1085.0	1104.4165898617512	1675.763133640553
4.71	82.33	891.0	1107.3355780022446	1811.4668911335577
3.86	80.45	404702.0	1108.9694170031282	1671.0764834371957
4.69	82.01	253251.0	1111.1329037200248	1807.7917362616536
1.85	290.88	64573.0	1111.6786582627415	782.0373685596147
3.84	80.01	1533.0	1113.1532941943901	1667.262883235486
3.89	80.14	1411.0	1113.0644932671864	1675.1268603827073
1.44	297.89	2413.0	1113.4724409448818	855.9544135930377
4.67	81.66	788.0	1115.1116751269035	1803.6395939086294
1.45	61.73	6492.0	1116.0288046826863	1263.5827171903882
1.43	300.01	2404.0	1120.047836938436	861.5124792013311
3.24	283.01	1010.0	1123.2633663366337	551.4712871287129
3.97	280.81	734.0	1125.8732970027247	431.3841961852861
4.02	280.73	737.0	1126.4464043419268	423.32428765264586
3.23	283.51	215056.0	1127.067466148352	555.2020450487315
0.81	338.41	29158.0	1127.0184511969271	1011.1019617257699
4.0	281.1	161972.0	1129.9429407551922	427.46830316350974
3.26	283.81	877.0	1130.7844925883694	551.279361459521
4.03	281.33	736.0	1133.4021739130435	423.2459239130435
0.81	349.81	3441.0	1133.741935483871	1036.046788724208
6.2	278.33	15803.0	1151.8976776561412	62.50319559577296
3.03	72.36	50701.0	1153.4703260290723	1522.7450740616555
5.39	80.11	27487.0	1155.8059810092043	1917.908211154364
5.79	279.52	49135.0	1161.218377938333	133.26581866286762
4.53	77.38	3824.0	1165.5345188284518	1771.7180962343095
1.45	45.83	17096.0	1167.4179925128685	1225.1723795039775
3.05	70.4	2729.0	1170.2052033711982	1520.0780505679736
3.0	70.01	2212.0	1170.4471066907777	1510.9430379746836
5.41	280.92	6793.0	1171.8689827763874	198.88296776093037
2.73	292.7	585.0	1174.788034188034	655.5589743589744
3.03	69.68	705511.0	1174.999905033373	1515.4466039508952
3.83	286.22	3539.0	1177.8996891777338	467.9892625035321
2.76	293.02	161190.0	1178.9693777529624	651.992425088405
3.02	68.97	3022.0	1179.7739907346129	1510.9490403706154
3.07	69.37	1913.0	1179.601150026137	1520.0575013068478
2.79	293.39	1460.0	1183.4431506849314	648.7260273972603
2.22	57.44	13664.0	1197.1757903981265	1358.4466481264637
6.37	280.64	43509.0	1197.4403226918569	40.248730147785515
4.18	72.8	853.0	1205.0996483001172	1702.0691676436109
2.16	305.39	1700.0	1206.2317647058824	777.1235294117647
2.66	61.82	1806.0	1207.0359911406424	1434.2397563676634
3.53	290.97	9829.0	1209.1558652965714	528.8331468104589
4.21	72.57	209629.0	1208.9598958159415	1705.6519231594866
2.19	305.51	443518.0	1210.0996374442525	773.0016707326422
2.23	305.67	2424.0	1214.2198844884488	768.9554455445544
2.19	306.65999999999997	13645.0	1215.6869182850862	777.3189446683767
4.73	285.99	21012.0	1216.0955168475157	325.98091566723775
5.25	75.51	2085.0	1218.4038369304556	1880.9630695443645
3.46	67.34	62636.0	1220.1143591544799	1571.9831885816463
3.66	68.59	30107.0	1220.763510147142	1606.7364068156908
3.33	293.95	31647.0	1223.1329351913294	570.1189054254747
4.68	73.02	5775.0	1226.5298701298702	1781.1631168831168
4.82	73.36	75832.0	1228.9667158983016	1805.1077909062137
1.87	39.31	6086.0	1237.0979296746632	1248.2160696680908
1.85	321.51	2298.0	1238.1892950391646	874.4055700609225
2.9	58.75	18288.0	1247.5958552055993	1457.1964676290463
5.57	74.14	39240.0	1252.5545871559632	1926.968628950051
2.37	49.25	4370.0	1253.9535469107552	1346.729061784897
5.85	285.65	45466.0	1261.8095060044868	145.87848062288305
4.21	67.52	3660.0	1264.9972677595629	1684.9743169398907
5.88	74.16	49285.0	1266.4323222075682	1976.8631632342497
2.19	318.17	14173.0	1267.5210611726523	824.9043251252381
5.6	287.25	1761.0	1275.0170357751279	192.48835888699602
3.53	298.69	89382.0	1278.4939025754627	561.1452417712738
3.53	299.14	55812.0	1282.5214111660575	563.0679961298646
5.6	287.98	20746.0	1286.058854718982	196.0807384556059
5.51	71.73	2527.0	1285.756628413138	1906.3351800554017
3.36	58.38	5034.0	1288.743146603099	1518.179777512912
2.75	49.45	801.0	1292.307116104869	1393.6317103620474
2.78	50.11	916.0	1292.2914847161571	1401.5436681222707
3.36	57.88	31059.0	1292.8130654560675	1515.7939405647317
4.87	291.58	55691.0	1295.1894022373453	327.67847587581474
2.78	49.4	228324.0	1296.1247306459243	1397.5430221965278
6.23	286.67	538.0	1296.3717472118958	89.32527881040892
2.82	49.35	776.0	1300.1211340206185	1401.6030927835052
3.91	298.65999999999997	16164.0	1307.4924523632765	507.38016580054443
4.44	64.53	1994.0	1314.004513540622	1705.516549648947
2.88	312.55	13079.0	1318.041287560211	719.1052068200933
2.21	27.57	3605.0	1319.1181692094312	1222.5176144244106
2.88	313.27	56646.0	1322.2653144087844	722.9987289482046
5.48	291.45	3301.0	1330.559830354438	233.065737655256
2.75	317.39	3609.0	1330.983097811028	760.065114990302
2.03	359.3	8335.0	1330.9304139172166	1055.0099580083984
2.63	320.84000000000003	2807.0	1332.5265407908798	793.0634128963306
4.45	62.35	1846.0	1338.596966413868	1693.7903575297942
6.08	289.85	58247.0	1341.3792813363777	130.01033529623842
4.41	61.81	773.0	1341.9728331177232	1685.8783958602846
2.2	17.51	9822.0	1342.5630217878233	1165.1859091834656
4.44	61.71	86931.0	1345.264991775086	1689.450909341892
3.75	55.66	33396.0	1345.9828123128518	1556.5967181698406
2.9	42.85	16449.0	1346.5805824062254	1374.9621253571645
4.47	61.59	732.0	1348.9030054644809	1693.042349726776
3.0	316.56	1303.0	1355.168073676132	728.3507290867229
4.93	296.02	2425.0	1355.5558762886599	342.879587628866
4.17	302.26	5849.0	1363.9854676012994	491.9276799452898
3.46	49.79	32718.0	1364.7873341891313	1483.474845650712
2.5	26.24	106178.0	1365.8809169507808	1236.421763453823
3.0	318.72	6037.0	1367.0660924300148	741.9638893490144
6.23	69.03	22017.0	1368.0565926329655	2003.8146886496797
2.54	26.5	627.0	1369.7081339712918	1240.3763955342902
4.24	302.28	9398.0	1371.0493722068525	481.0883166631198
6.17	68.45	70674.0	1374.1277556102668	1991.1503240229788
2.61	333.37	1082.0	1380.4556377079482	871.2365988909427
2.59	334.42	972.0	1380.9331275720165	879.5565843621399
2.35	4.25	5245.0	1381.891515729266	1086.927931363203
3.75	51.35	125660.0	1382.7803915327072	1530.140888110775
4.33	302.81	5203.0	1384.1314626177204	472.4716509705939
2.5	19.46	39394.0	1383.7883434025487	1192.5166776666497
2.63	334.18	328045.0	1384.8368303129143	875.7356795561584
3.75	50.68	5071.0	1388.3884835338197	1525.8621573654111
2.66	333.89	1459.0	1388.8779986291981	871.3653187114462
2.64	334.94	1189.0	1388.9209419680403	879.9613120269133
3.35	44.07	11944.0	1392.5496483590086	1433.215338245144
5.4	296.51	4366.0	1396.0293174530464	277.135593220339
2.47	352.16	783.0	1398.6449553001278	1004.9029374201788
6.23	67.11	4817.0	1399.8781399211127	1991.921320323853
4.16	306.06	25116.0	1400.5542283803154	517.044911610129
2.49	352.81	176475.0	1402.4324975208954	1009.0001586627001
5.6	296.0	7371.0	1403.4867724867725	243.9104599104599
4.0	308.36	5449.0	1404.9561387410533	554.8783262984034
3.32	318.47	7213.0	1405.6360737557188	705.0591986690697
5.75	64.57	3256.0	1406.406633906634	1901.0141277641278
2.89	29.71	16466.0	1408.987793028058	1288.9413943884367
3.43	317.06	1300.0	1409.65	683.3192307692308
2.89	28.65	9938.0	1413.1167236868584	1281.4246327228818
3.43	317.62	246609.0	1413.4437753691066	687.2340709382058
3.43	318.34000000000003	6157.0	1418.0698392074062	692.3246711060582
5.07	300.26	2601.0	1418.9600153787005	351.03575547866205
5.6	297.17	4156.0	1420.0293551491818	252.42925890279113
3.22	323.37	14477.0	1420.5064585204118	750.8127374456034
4.02	49.88	24603.0	1423.1249034670568	1554.0775515181076
2.77	19.6	54934.0	1423.7279280591256	1207.7695234281136
3.43	319.77	27493.0	1427.1291601498563	702.6786818462881
4.0	311.7	15569.0	1434.1102832551867	578.5425525081894
3.53	318.90999999999997	24211.0	1433.9866589566725	685.7900128040973
4.94	302.73	126946.0	1436.9167520047895	388.5010634442992
3.0	334.56	143519.0	1440.1614559744703	852.5084971327838
3.31	34.83	2426.0	1441.8998351195382	1362.277823577906
3.34	35.59	4168.0	1441.8119001919385	1370.9023512476008
2.99	335.74	947.0	1443.0411826821542	862.0105596620908
2.97	336.64	821.0	1442.878197320341	870.3495736906212
3.01	335.18	1018.0	1444.0893909626718	856.3506876227898
3.34	34.94	608139.0	1446.0529369108049	1366.4836624521697
3.0	336.4	221360.0	1446.8047840621612	866.4490196964222
3.63	319.31	51691.0	1447.9376293745527	678.9446712193612
5.24	58.41	73637.0	1450.176623164985	1781.4112606434264
5.89	62.3	1059.0	1450.0802644003777	1904.7365439093485
3.35	34.25	3445.0	1450.7709724238025	1361.8612481857765
3.38	35.05	2197.0	1450.80063723259	1371.0573509330907
5.88	61.97	222880.0	1454.0953293251973	1900.5116116295765
4.89	55.34	6325.0	1455.4284584980237	1708.9808695652173
5.91	61.86	797.0	1458.3814303638644	1904.7440401505646
5.07	303.82	2107.0	1461.9084005695302	378.5533934504034
3.21	27.64	1121.0	1461.9732381801962	1297.8126672613737
3.24	28.52	7277.0	1462.4811048509	1307.075855434932
4.36	49.28	21309.0	1463.9202215026514	1590.9132760805294
3.0	342.6	264385.0	1465.1145110350435	915.0887720559033
3.24	27.83	146997.0	1465.5130172724614	1301.5461676088628
4.17	313.43	11339.0	1466.9968251168534	571.961195872652
3.82	318.83	2126.0	1467.8508936970836	655.1608654750705
3.01	343.17	1004.0	1468.906374501992	918.941235059761
3.27	28.06	874.0	1468.9027459954234	1305.7299771167047
3.03	342.27	854.0	1469.3337236533957	910.8618266978923
3.0	344.57	3114.0	1469.4646756583172	931.0587668593449
3.0	345.45	25950.0	1471.431175337187	938.1599229287091
2.98	347.08	864.0	1472.0347222222222	952.0960648148148
2.97	348.0	946.0	1471.869978858351	960.007399577167
3.0	347.65	246257.0	1475.9197911125368	956.1021087725425
3.65	36.17	14620.0	1479.1687414500684	1404.9790697674418
3.02	348.19	810.0	1479.8913580246913	959.8913580246914
3.01	10.28	16392.0	1480.4573572474378	1145.0344680331868
3.65	35.71	35857.0	1482.028502105586	1401.1424268622584
4.89	52.87	10929.0	1482.9416232043188	1688.9890200384298
3.0	353.15	45114.0	1483.892694063927	1001.5752316354125
6.9	295.25	4459.0	1485.8418928010765	41.588697017268444
3.65	34.85	175656.0	1487.2123297809355	1394.0555460673133
6.69	296.26	1525.0	1488.5304918032787	81.16524590163934
3.68	34.95	952.0	1490.9632352941176	1397.9716386554621
3.65	34.28	986.0	1491.3559837728194	1389.8772819472617
4.8	308.97	26338.0	1492.8890196674008	457.1284455919204
4.44	47.01	19733.0	1493.4296863122688	1581.891856281356
6.71	296.65	1386.0	1496.6356421356422	81.16450216450217
6.67	296.85	1871.0	1496.5745590593265	89.8770710849813
3.62	327.52	1904.0	1497.2846638655462	746.2610294117648
5.34	304.73	8547.0	1498.072189072189	349.02234702234705
3.6	328.23	1191.0	1497.4853064651554	754.6591099916037
3.53	330.52	120813.0	1499.5428472101512	780.0008608345129
4.64	311.42	1912.0	1501.1783472803347	497.65271966527195
3.63	328.08	272315.0	1501.170916034739	750.4960615463709
4.67	48.8	97591.0	1502.4767857691795	1626.1058806652252
4.89	50.85	3608.0	1504.1105875831486	1670.909645232816
3.55	28.89	18223.0	1505.1867420293036	1334.4535477144268
3.64	328.66	1808.0	1505.4601769911505	754.8761061946902
4.16	318.36	175307.0	1507.0678124661308	613.5614436388735
3.32	19.96	1230.0	1507.4520325203252	1241.1414634146342
4.19	41.69	3820.0	1509.9295811518325	1507.8903141361257
5.63	56.45	5723.0	1510.0539926611916	1819.191682683907
4.17	318.86	15525.0	1511.0323993558777	617.8338164251207
3.34	19.37	473883.0	1511.9375246632608	1236.8667392584246
3.44	22.88	4636.0	1515.2672562553926	1273.8820103537532
4.64	312.93	2609.0	1515.7274817937907	511.05251054043697
3.35	18.76	1792.0	1516.0904017857142	1232.213169642857
3.37	19.63	1904.0	1515.9558823529412	1240.8954831932774
6.3	300.08	23466.0	1519.7166538822125	172.03967442256882
3.22	353.42	5155.0	1519.9344325897187	999.7035887487876
5.1	51.4	9766.0	1520.0938971943478	1703.0708580790497
5.43	53.95	2334.0	1523.5154241645243	1769.9477292202228
3.33	346.27	2864.0	1524.8613826815642	932.254189944134
5.17	51.53	4994.0	1526.036443732479	1713.3866639967962
6.05	57.86	3219.0	1528.84715750233	1891.1795588692141
5.17	51.11	9925.0	1530.8592443324937	1709.7535516372795
4.25	320.11	34112.0	1531.2010436210132	619.9525680112571
5.87	56.48	4571.0	1531.9319623714723	1852.8742069569023
5.14	50.48	1965.0	1534.3211195928752	1699.3898218829518
3.63	335.68	13913.0	1537.0288938402932	818.9555092359664
5.17	50.55	243983.0	1536.9449223921338	1704.1301852997956
3.33	6.29	2121.0	1537.8175388967468	1117.6600660066006
3.33	6.65	4823.0	1537.5392908977815	1120.9726311424424
5.17	50.28	48922.0	1539.9703814234904	1701.7699807857405
3.8	29.08	991.0	1540.39858728557	1356.2199798183653
5.2	50.42	2002.0	1541.938061938062	1707.2072927072927
3.83	29.24	119175.0	1543.9641283826306	1360.1073882945248
4.64	316.4	7398.0	1547.9641795079751	542.9182211408489
3.86	29.37	1785.0	1547.7182072829132	1363.8997198879551
5.86	304.84000000000003	1330.0	1548.636090225564	279.3578947368421
5.78	305.47	27790.0	1549.796869377474	295.8052536883771
6.14	303.21	39774.0	1552.1991501986222	224.49617840800522
5.9	304.90999999999997	12085.0	1553.3569714522134	274.6948282995449
3.63	339.95	3934.0	1554.0602440264363	858.9689883070666
3.44	4.51	33619.0	1556.1135667330973	1102.4302626490971
3.82	26.58	1979.0	1555.5507832238504	1333.9146033350178
3.43	2.45	5710.0	1557.1339754816113	1082.5402802101576
4.96	46.52	3561.0	1557.0365065992698	1640.0690817186185
3.61	17.05	1545.0	1560.2045307443366	1228.9533980582523
3.83	26.07	306332.0	1559.5016093650027	1329.8109436820182
4.08	327.85	36076.0	1562.585347599512	709.1822818494289
3.87	26.27	1343.0	1563.5696202531647	1334.1474311243485
3.64	17.3	364686.0	1564.5000219366798	1233.000191945948
4.01	29.74	5467.0	1565.9500640204865	1378.8948234863728
3.66	16.78	1207.0	1568.6644573322287	1228.6512013256006
4.88	44.18	1132.0	1571.3798586572439	1608.4973498233217
4.88	43.79	250985.0	1575.1844771599897	1604.5559256529275
3.88	23.43	2278.0	1579.326602282704	1307.4640035118525
4.88	43.38	1102.0	1579.114337568058	1600.6515426497278
3.92	24.11	349802.0	1581.7621911824403	1316.6332725370353
3.82	339.98	132344.0	1582.8676479477724	848.7885132684519
3.92	23.65	571280.0	1583.5076249824954	1311.9412057134855
4.18	31.05	16543.0	1583.0263555582421	1406.4111104394608
3.72	344.75	45905.0	1583.746607123407	901.4850887702864
3.95	24.31	2704.0	1585.7762573964496	1320.95525147929
3.63	4.91	5046.0	1587.9613555291319	1108.9813713832739
3.64	5.55	15994.0	1587.7706014755533	1115.515630861573
3.96	23.87	2639.0	1588.0818491852974	1316.598332701781
5.78	308.61	2254.0	1590.9653948535936	326.51907719609585
5.34	314.21	911.0	1608.8298572996707	439.4006586169045
5.0	318.33	35288.0	1609.4756574472908	521.8017456359103
5.34	314.57	131153.0	1612.5681303515742	443.21269814643966
5.07	317.74	14184.0	1612.5198110547096	507.97264523406653
5.0	318.76	6494.0	1613.838466276563	526.1817061903296
5.34	314.93	945.0	1616.352380952381	447.14920634920634
4.4	329.75	5616.0	1619.1153846153845	701.4608262108262
4.17	337.62	3597.0	1626.1000834028357	803.6705587989992
4.66	34.32	50533.0	1626.7828547681713	1482.7914827934221
4.16	338.67	18443.0	1630.5531095808708	815.0979775524589
6.22	51.74	5138.0	1632.125145971195	1853.033670688984
5.07	319.93	5050.0	1633.010891089109	531.5645544554455
3.91	359.18	12210.0	1635.0597051597051	1050.0047502047503
3.91	0.6	3134.0	1634.9534141671984	1065.5599872367582
3.91	1.63	11933.0	1635.09511438867	1076.9036285929774
4.26	23.57	57033.0	1635.1308189995266	1333.504620132204
4.33	334.91	2586.0	1637.8333333333333	763.0978344934261
6.84	304.73	3591.0	1640.962127541075	142.94179894179894
5.87	47.9	2634.0	1643.9730447987852	1765.0588458618072
4.0	353.03	5511.0	1644.4385773906731	980.9842133913991
6.73	305.7	2977.0	1645.535102452133	168.85589519650654
4.33	336.49	36048.0	1645.537422325788	780.8519751442522
4.0	358.97	9385.0	1649.0997336174746	1047.4514651038892
6.39	51.38	12028.0	1654.1325241104091	1870.433654805454
4.34	21.5	33816.0	1656.963478826591	1315.4196829903005
5.07	322.94	26139.0	1660.0084165423314	565.0281571597995
4.93	325.18	2651.0	1660.0298000754433	604.1490003772161
5.47	317.72	3679.0	1660.995107366132	463.4446860559935
4.18	13.12	38199.0	1660.8460954475247	1211.597371658944
6.16	48.75	7459.0	1665.8098940876794	1811.398444831747
4.49	337.76	5001.0	1675.7770445910817	785.126774645071
4.17	356.08	94485.0	1675.8735354818225	1013.1108429909509
4.17	359.4	3389.0	1677.076718796105	1051.9616406019475
4.42	18.83	102848.0	1680.1813258400746	1288.8847425326696
4.66	26.22	18879.0	1680.0567826685735	1391.0262725779967
6.13	312.97	10940.0	1685.0648994515539	329.90393053016453
4.34	13.99	19378.0	1684.4202188048303	1228.0555784910723
4.34	13.56	25288.0	1685.573315406517	1222.8480306864917
4.65	23.73	2711.0	1693.0022132054592	1361.0726669125784
5.16	33.93	3283.0	1697.4438014011575	1524.1583917148948
4.79	333.63	20767.0	1699.0029373525304	715.4693504117109
5.02	31.02	6060.0	1701.1155115511551	1477.0468646864686
4.64	338.27	79175.0	1701.7544805809914	781.7242942848121
5.16	33.54	352406.0	1701.4959450179622	1519.962895069891
4.42	10.64	7383.0	1705.9886225111743	1190.4675606122173
5.17	33.11	4174.0	1705.8955438428366	1515.359607091519
5.2	33.61	2116.0	1705.7476370510396	1524.1200378071833
5.0	330.33	17786.0	1708.0785449229732	659.0462723490385
4.42	9.93	2036.0	1707.422888015717	1181.7976424361493
5.2	326.92	18218.0	1710.9119003183664	599.8817103963113
6.52	311.72	3458.0	1712.0523423944476	267.034991324465
4.78	336.09	2272.0	1711.880721830986	746.0171654929577
6.62	311.15	1149.0	1715.946910356832	246.5674499564839
5.72	320.23	3807.0	1719.0869451011295	465.5839243498818
5.41	324.65	4305.0	1719.4060394889664	552.8740998838559
4.43	1.12	3538.0	1720.0197851893724	1072.9954776710006
4.95	26.72	4337.0	1719.5907309199908	1418.2720774729075
6.22	44.98	2310.0	1720.569696969697	1773.0242424242424
4.65	17.11	12441.0	1723.2434691745036	1279.8039546660236
7.01	51.17	7341.0	1723.9972755755346	1950.9889660809154
6.3	314.87	39194.0	1729.0837373067307	332.5344695616676
4.56	10.42	2324.0	1728.616179001721	1191.9320137693633
6.04	42.36	7113.0	1730.9194432728807	1720.0053423309434
5.14	331.31	3548.0	1734.3108793686583	660.3630214205186
4.65	346.35	11941.0	1734.1129721128884	882.1685788459928
5.14	331.7	180939.0	1737.4826212148846	665.1299719795069
5.49	34.61	6561.0	1737.856881572931	1564.073464410913
6.55	46.5	8722.0	1739.5659252465032	1831.9800504471452
5.14	332.16	94296.0	1740.8045728344787	670.933910240095
5.08	334.12	4060.0	1743.9330049261084	701.005172413793
5.09	25.41	2299.0	1748.490648107873	1411.7698999565027
5.02	23.44	85654.0	1749.8146262871553	1381.4621733952881
6.36	316.31	2553.0	1753.4539757148452	344.930669800235
4.65	356.29	21307.0	1753.8474679682733	1010.4718637067631
4.86	344.58	58899.0	1762.7816091954023	850.2013956094331
4.79	348.83	30710.0	1764.7799088244872	909.1200260501465
7.79	306.69	1557.0	1769.9242132305717	33.89210019267823
5.72	325.65	29820.0	1771.1641515761235	536.0152246814218
5.21	336.42	23899.0	1778.090547721662	722.0332649901669
4.87	8.97	17032.0	1782.7905119774541	1181.551315171442
5.72	327.07	5108.0	1784.0683241973375	555.1223570869224
5.84	325.37	1861.0	1785.1590542718968	520.8619022031166
4.87	6.37	1884.0	1786.8041401273886	1146.125796178344
5.8	33.83	9082.0	1787.1286060339132	1582.5592380532921
4.87	5.88	12352.0	1787.91458873057	1139.4805699481865
4.87	5.41	22886.0	1788.4448571178887	1133.1465961723325
5.15	20.0	70145.0	1788.8147551500463	1343.9218333452136
5.72	328.34	7823.0	1794.975712642209	572.5233286462993
5.62	29.71	21305.0	1796.1156066651022	1509.7884534146913
5.74	31.7	66433.0	1797.9530203362788	1548.215555522105
6.41	319.45	102688.0	1798.5218233873481	380.9109146151449
6.01	324.83	6522.0	1803.7723091076357	496.8986507206378
6.38	39.06	6961.0	1812.0132164918834	1713.106450222669
5.22	16.11	1772.0	1816.471783295711	1293.0107223476298
5.47	337.07	12761.0	1821.905336572369	713.8867643601599
6.81	42.5	5153.0	1824.028915195032	1808.5720939258683
5.21	346.49	13728.0	1825.06993006993	862.1722756410256
6.86	42.94	2619.0	1825.0656739213441	1821.1386025200459
7.23	313.93	4892.0	1826.028618152085	207.7886345053148
5.08	358.95	7931.0	1826.3105535241457	1043.9566258983734
5.08	3.08	30823.0	1825.4098887194627	1103.1326282321643
5.14	352.67	3256.0	1830.458230958231	952.9883292383292
5.12	355.44	1716.0	1830.9405594405594	993.2272727272727
5.12	356.03	1468.0	1830.9155313351498	1001.7554495912807
5.74	27.17	5454.0	1833.0694902823616	1483.5324532453246
5.14	355.73	489219.0	1835.0255468409853	997.1193575883193
5.54	337.89	9375.0	1836.7758933333334	721.4864
5.17	355.47	1390.0	1839.5906474820144	992.9215827338129
5.17	356.08	1489.0	1839.426460711887	1001.8226997985225
6.21	34.0	1544.0	1842.9119170984457	1623.4715025906735
5.35	14.72	75439.0	1843.4655682074258	1279.070374739856
7.7	311.7	4520.0	1846.1101769911504	115.94358407079646
6.65	38.62	5585.0	1852.742345568487	1735.3294538943599
6.65	38.08	15303.0	1858.6486963340521	1726.9672613213095
5.74	23.3	44607.0	1860.1753760620531	1426.9279036922455
6.81	39.6	11363.0	1861.024905394702	1766.4573616122502
5.42	11.4	7297.0	1865.1289571056598	1232.231739070851
5.35	4.21	13047.0	1869.0219207480648	1122.463478194221
7.45	44.97	1321.0	1868.6230128690386	1920.8243754731263
5.41	352.44	13642.0	1873.9404779357865	943.8293505351121
5.73	20.76	12581.0	1875.175343772355	1388.548207614657
6.54	34.47	24079.0	1884.13181610532	1661.8857925993605
6.73	323.86	30948.0	1892.0525720563526	411.8177265089828
5.47	358.97	9879.0	1892.0580018220467	1043.0966697034112
5.47	359.45	3862.0	1892.1276540652511	1050.4621957534955
7.64	44.8	4308.0	1894.5705663881151	1941.2746053853296
5.6	348.98	2950.0	1895.953220338983	885.6793220338983
6.19	332.52	11707.0	1898.0896899291022	595.0736311608439
5.78	345.25	23383.0	1912.0859598853867	820.4361288115298
6.15	24.69	52717.0	1913.5610524119354	1476.147580476886
7.54	42.6	4457.0	1915.2216737715953	1894.9589409916985
5.97	19.59	3192.0	1919.0516917293232	1383.907894736842
7.71	316.3	1531.0	1919.5571521881122	186.08817766165905
5.85	15.7	69667.0	1919.8860723154435	1315.9659810240141
7.77	44.26	72534.0	1919.46233490501	1949.024512642347
6.15	22.36	25046.0	1929.2131677713007	1438.7356464106044
5.73	356.43	9153.0	1932.181907571288	1001.229651480389
6.8	33.42	26499.0	1931.8563342012906	1670.0658515415676
6.3	336.17	7394.0	1943.4633486610765	645.0106843386529
5.78	359.31	68519.0	1943.765451918446	1047.7539660532116
6.14	340.41	7570.0	1944.9387054161161	724.913606340819
5.85	8.33	6764.0	1944.8083973979894	1196.5190715552928
6.47	333.44	2817.0	1947.0429534966277	588.5015974440895
7.16	36.19	1243.0	1949.9662107803701	1749.506838294449
7.28	322.53	1603.0	1950.5720524017468	335.03992514036185
6.09	16.35	9259.0	1955.1312236742629	1337.512906361378
5.96	350.67	4404.0	1960.9289282470481	902.041553133515
5.91	3.71	4402.0	1962.0833711949115	1121.0179463880054
6.2	16.88	5696.0	1970.3827247191011	1351.700316011236
6.02	350.88	2619.0	1971.451317296678	904.0007636502481
7.35	36.4	1099.0	1974.2966333030026	1772.849863512284
6.31	341.13	2109.0	1975.9307728781414	727.4656235182551
6.2	14.57	1982.0	1980.978809283552	1312.396064581231
6.19	345.99	3303.0	1981.8498334847109	815.433242506812
7.35	35.43	2121.0	1986.078264969354	1756.2890146157472
6.69	25.93	71156.0	1986.7962223846198	1535.9124177862725
7.52	322.89	4944.0	1987.585355987055	316.3098705501618
6.08	3.81	2718.0	1991.2185430463576	1124.6394407652685
6.19	348.53	1910.0	1991.5083769633509	859.0251308900523
6.19	349.53	6689.0	1995.4552249962626	876.0922409926745
6.14	354.3	11930.0	1997.933612740989	960.0203688181056
7.82	39.34	1976.0	1997.9615384615386	1872.0086032388665
6.31	14.16	4322.0	2001.4534937528922	1310.0664044423877
6.19	359.23	5215.0	2012.163950143816	1045.5344199424737
6.47	345.25	5399.0	2023.9101685497315	791.0842748657159
6.37	9.33	1407.0	2027.636815920398	1226.8443496801706
